"L","T","m","EI","f.1","f.2","f.3","f.4","f.5","f.6","f.7","f.8","f.9","f.10"
10,0.5,6.19000396306364,9988.9966940333,4.9847,10.25349,16.05708,22.59544,30.01864,38.43792,47.94032,58.60338,70.50828,84.01652
10,1,6.19000396306364,9988.9966940333,6.81927,13.83766,21.24241,29.20043,37.85493,47.3273,57.72317,69.1415,81.68612,95.75254
10,1.5,6.19000396306364,9988.9966940333,8.23617,16.63368,25.34754,34.52148,44.2855,54.75657,66.04242,78.2485,91.48895,106.18151
10,2,6.19000396306364,9988.9966940333,9.43365,19.00623,28.85266,39.10055,49.86871,61.26769,73.40309,86.38162,100.32223,115.65854
10,2.5,6.19000396306364,9988.9966940333,10.49004,21.10381,31.96219,43.18098,54.8699,67.13345,80.07393,93.79738,108.42503,124.40281
10,3,6.19000396306364,9988.9966940333,11.44586,23.00428,34.78567,46.8967,59.43971,72.5138,86.2179,100.65659,115.95214,132.56072
10,3.5,6.19000396306364,9988.9966940333,12.32532,24.75454,37.38989,50.33073,63.67331,77.51201,91.94256,107.06783,123.01055,140.23575
15,0.5,6.19000396306364,9988.9966940333,3.20066,6.48465,9.93089,13.6107,17.58644,21.91214,26.63585,31.80319,37.45903,43.8179
15,1,6.19000396306364,9988.9966940333,4.43422,8.92659,13.53378,18.30979,23.30546,28.56886,34.14671,40.08684,46.44015,53.44444
15,1.5,6.19000396306364,9988.9966940333,5.38333,10.8138,16.33774,22.00015,27.84461,33.91384,40.25126,46.90328,53.92202,61.56062
15,2,6.19000396306364,9988.9966940333,6.18431,12.40924,18.7149,25.14063,31.72513,38.50722,45.52747,52.83066,60.46916,68.70838
15,2.5,6.19000396306364,9988.9966940333,6.89038,13.81696,20.81558,27.92162,35.17027,42.5974,50.24134,58.14544,66.36213,75.16759
15,3,6.19000396306364,9988.9966940333,7.52893,15.09081,22.71834,30.44392,38.30005,46.32034,54.5413,63.00515,71.76439,81.10498
15,3.5,6.19000396306364,9988.9966940333,8.11628,16.26298,24.47037,32.76852,41.18781,49.76001,58.52019,67.50963,76.78098,86.62934
20,0.5,6.19000396306364,9988.9966940333,2.35858,4.75195,7.21388,9.77634,12.46915,15.32018,18.35623,21.60429,25.09129,28.96032
20,1,6.19000396306364,9988.9966940333,3.28639,6.59707,9.956,13.38655,16.91162,20.55399,24.33724,28.28699,32.43135,36.93115
20,1.5,6.19000396306364,9988.9966940333,3.99937,8.01845,12.07676,16.1936,20.38822,24.68038,29.0914,33.64548,38.37083,43.44142
20,2,6.19000396306364,9988.9966940333,4.60079,9.21857,13.87023,18.57256,23.34255,28.19801,33.15871,38.24788,43.49389,49.08202
20,2.5,6.19000396306364,9988.9966940333,5.1308,10.27676,15.45295,20.67446,25.95668,31.31605,36.77124,42.34487,48.06556,54.12879
20,3,6.19000396306364,9988.9966940333,5.61006,11.23393,16.88535,22.57813,28.32648,34.14584,40.05406,46.07333,52.23265,58.7369
20,3.5,6.19000396306364,9988.9966940333,6.05084,12.11444,18.20351,24.33087,30.50983,36.755,43.08366,49.51769,56.08654,63.00389
25,0.5,6.19000396306364,9988.9966940333,1.86774,3.75314,5.67354,7.64574,9.68592,11.80989,14.0336,16.37393,18.84807,21.55971
25,1,6.19000396306364,9988.9966940333,2.61093,5.23422,7.88209,10.56666,13.30002,16.09465,18.96406,21.92366,24.99083,28.28447
25,1.5,6.19000396306364,9988.9966940333,3.18174,6.3735,9.58526,12.82696,16.10875,19.44137,22.83702,26.31028,29.87877,33.67337
25,2,6.19000396306364,9988.9966940333,3.66312,7.33488,11.02392,14.73889,18.48872,22.28313,26.13351,30.054,34.06261,38.3007
25,2.5,6.19000396306364,9988.9966940333,4.0873,8.18232,12.29276,16.42639,20.59133,24.79659,29.05303,33.37459,37.77974,42.41929
25,3,6.19000396306364,9988.9966940333,4.47083,8.9487,13.44063,17.95374,22.49553,27.07454,31.70123,36.38947,41.15824,46.16707
25,3.5,6.19000396306364,9988.9966940333,4.82356,9.65362,14.49668,19.35937,24.24872,29.17288,34.14206,39.17012,44.27656,49.62906
30,0.5,6.19000396306364,9988.9966940333,1.54615,3.10246,4.67896,6.28547,7.93169,9.62733,11.3826,13.20871,15.11735,17.18828
30,1,6.19000396306364,9988.9966940333,2.16591,4.33892,6.52611,8.73452,10.9713,13.24403,15.56127,17.9332,20.37166,22.97016
30,1.5,6.19000396306364,9988.9966940333,2.64176,5.2893,7.94837,10.62475,13.32444,16.054,18.82121,21.63586,24.51018,27.54876
30,2,6.19000396306364,9988.9966940333,3.04302,6.09103,9.14901,12.22198,15.31525,18.43479,21.58795,24.78437,28.03681,31.45951
30,2.5,6.19000396306364,9988.9966940333,3.39659,6.79762,10.20756,13.63093,17.07255,20.53801,24.03441,27.57137,31.16221,34.92984
30,3,6.19000396306364,9988.9966940333,3.71626,7.43657,11.165,14.90571,18.66317,22.44272,26.25127,30.09852,33.99833,38.0816
30,3.5,6.19000396306364,9988.9966940333,4.01024,8.02423,12.04573,16.07861,20.12711,24.19633,28.29312,32.42725,36.61313,40.98907
35,0.5,6.19000396306364,9988.9966940333,1.31911,2.64458,3.98272,5.33976,6.72192,8.13561,9.58777,11.08625,12.63947,14.31161
35,1,6.19000396306364,9988.9966940333,1.85054,3.70554,5.56944,7.44668,9.34186,11.25995,13.20679,15.18963,17.21715,19.36622
35,1.5,6.19000396306364,9988.9966940333,2.25851,4.52065,6.79003,9.07031,11.36533,13.67945,16.01806,18.38823,20.79917,23.33798
35,2,6.19000396306364,9988.9966940333,2.60251,5.20815,7.82005,10.4414,13.07561,15.7267,18.39979,21.102,23.84311,26.71907
35,2.5,6.19000396306364,9988.9966940333,2.9056,5.814,8.728,11.65046,14.58452,17.53395,20.50379,23.50121,26.53656,29.71377
35,3,6.19000396306364,9988.9966940333,3.17964,6.36182,9.54912,12.74415,15.94986,19.16988,22.40917,25.67502,28.97832,32.4303
35,3.5,6.19000396306364,9988.9966940333,3.43165,6.86565,10.30438,13.7503,17.20619,20.67557,24.16338,27.67705,31.22801,34.9342
40,0.5,6.19000396306364,9988.9966940333,1.15024,2.30472,3.46766,4.64326,5.83573,7.04953,8.28962,9.56179,10.8724,12.27485
40,1,6.19000396306364,9988.9966940333,1.61537,3.23371,4.85799,6.49121,8.13648,9.79728,11.47784,13.1836,14.92133,16.75622
40,1.5,6.19000396306364,9988.9966940333,1.97239,3.94721,5.92686,7.91382,9.91071,11.9206,13.94744,15.99667,18.07563,20.25898
40,2,6.19000396306364,9988.9966940333,2.27342,4.54894,6.82864,9.11468,11.40941,13.71567,16.03731,18.37984,20.75117,23.23417
40,2.5,6.19000396306364,9988.9966940333,2.53865,5.07918,7.62344,10.17339,12.7312,15.29957,17.88231,20.48505,23.11625,25.8661
40,3,6.19000396306364,9988.9966940333,2.77845,5.55861,8.34218,11.13095,13.92698,16.7329,19.55248,22.3915,25.25895,28.25169
40,3.5,6.19000396306364,9988.9966940333,2.99897,5.99952,9.00324,12.01179,15.02713,18.05184,21.08973,24.1467,27.23222,30.44935
45,0.5,6.19000396306364,9988.9966940333,1.01971,2.0424,3.07101,4.10849,5.15786,6.22233,7.3056,8.41212,9.54688,10.75552
45,1,6.19000396306364,9988.9966940333,1.43324,2.86856,4.30804,5.75379,7.20804,8.67333,10.15285,11.6509,13.17298,14.77569
45,1.5,6.19000396306364,9988.9966940333,1.75063,3.50295,5.25867,7.01951,8.78738,10.56454,12.35402,14.16019,15.98913,17.90625
45,2,6.19000396306364,9988.9966940333,2.01823,4.03792,6.06056,8.08765,10.12089,12.16244,14.21526,16.28382,18.37479,20.56117
45,2.5,6.19000396306364,9988.9966940333,2.254,4.50932,6.76726,9.0292,11.29673,13.57191,15.85771,18.15873,20.48216,22.90776
45,3,6.19000396306364,9988.9966940333,2.46717,4.93553,7.40629,9.88072,12.36033,14.84713,17.34411,19.85603,22.39053,25.03357
45,3.5,6.19000396306364,9988.9966940333,2.6632,5.3275,7.99402,10.66396,13.33876,16.02041,18.71197,21.41829,24.14748,26.99118
50,0.5,6.19000396306364,9988.9966940333,0.9158,1.83377,2.75604,3.68477,4.62218,5.57069,6.53314,7.51307,8.51454,9.57734
50,1,6.19000396306364,9988.9966940333,1.28802,2.57756,3.87012,5.16726,6.47061,7.78211,9.10428,10.44059,11.79568,13.21961
50,1.5,6.19000396306364,9988.9966940333,1.57369,3.14862,4.72602,6.30716,7.89346,9.48666,11.08918,12.70461,14.33818,16.04816
50,2,6.19000396306364,9988.9966940333,1.81455,3.63017,5.44792,7.26893,9.09449,10.92624,12.7666,14.61928,16.49006,18.44426
50,2.5,6.19000396306364,9988.9966940333,2.02676,4.05446,6.08409,8.11664,10.15333,12.19576,14.24638,16.30903,18.38996,20.56079
50,3,6.19000396306364,9988.9966940333,2.21861,4.43809,6.65932,8.88324,11.111,13.3442,15.58531,17.83832,20.10992,22.47743
50,3.5,6.19000396306364,9988.9966940333,2.39504,4.79089,7.18836,9.58832,11.99193,14.40073,16.81729,19.2457,21.69305,24.24195
55,0.5,6.19000396306364,9988.9966940333,0.83112,1.66385,2.49982,3.34064,4.18798,5.04373,5.91013,6.79008,7.68698,8.63608
55,1,6.19000396306364,9988.9966940333,1.16953,2.34019,3.51313,4.6895,5.87057,7.05784,8.25334,9.45999,10.6818,11.96367
55,1.5,6.19000396306364,9988.9966940333,1.42925,2.85942,4.29145,5.72629,7.16504,8.60908,10.06039,11.52202,12.99854,14.54256
55,2,6.19000396306364,9988.9966940333,1.64822,3.29723,4.94785,6.60093,8.25746,9.91877,11.58687,13.26492,14.95801,16.72533
55,2.5,6.19000396306364,9988.9966940333,1.84114,3.68299,5.52628,7.37177,9.22044,11.07356,12.93319,14.80262,16.68739,18.65255
55,3,6.19000396306364,9988.9966940333,2.01555,4.03176,6.04928,8.06883,10.09134,12.11809,14.15119,16.19405,18.25262,20.39726
55,3.5,6.19000396306364,9988.9966940333,2.17595,4.3525,6.53028,8.70994,10.89241,13.07896,15.27179,17.47439,19.6931,22.00317
60,0.5,6.19000396306364,9988.9966940333,0.76077,1.52279,2.28729,3.05552,3.82879,4.60858,5.39672,6.19562,7.00822,7.86614
60,1,6.19000396306364,9988.9966940333,1.071,2.14288,3.21651,4.29278,5.37269,6.45744,7.54872,8.64902,9.76187,10.92801
60,1.5,6.19000396306364,9988.9966940333,1.30909,2.61889,3.93012,5.24352,6.55996,7.88057,9.207,10.54188,11.8893,13.29723
60,2,6.19000396306364,9988.9966940333,1.50982,3.02025,4.53192,6.04548,7.56175,9.08181,10.60736,12.14114,13.68772,15.30126
60,2.5,6.19000396306364,9988.9966940333,1.68667,3.37388,5.06221,6.75224,8.44475,10.14083,11.84223,13.55179,15.27452,17.07004
60,3,6.19000396306364,9988.9966940333,1.84655,3.6936,5.54167,7.39131,9.24329,11.09866,12.95928,14.82809,16.71045,18.67096
60,3.5,6.19000396306364,9988.9966940333,1.99359,3.98763,5.98263,7.97907,9.97776,11.97973,13.98692,16.00237,18.03178,20.14431
65,0.5,6.19000396306364,9988.9966940333,0.70141,1.40379,2.10813,2.81539,3.52663,4.24303,4.96613,5.69796,6.4411,7.22424
65,1,6.19000396306364,9988.9966940333,0.98779,1.97627,2.96612,3.95806,4.95286,5.95155,6.95552,7.96693,8.98898,10.05895
65,1.5,6.19000396306364,9988.9966940333,1.20757,2.4157,3.62495,4.83591,6.0493,7.26603,8.48754,9.71611,10.95545,12.24969
65,2,6.19000396306364,9988.9966940333,1.39286,2.7862,4.18052,5.57634,6.97431,8.37536,9.78096,11.1935,12.61714,14.10183
65,2.5,6.19000396306364,9988.9966940333,1.55611,3.11265,4.67007,6.22883,7.78959,9.35325,10.92138,12.49644,14.08298,15.73612
65,3,6.19000396306364,9988.9966940333,1.7037,3.40779,5.11269,6.81882,8.52685,10.23765,11.9529,13.67514,15.40927,17.21505
65,3.5,6.19000396306364,9988.9966940333,1.83943,3.6792,5.51975,7.36143,9.20493,11.05113,12.90179,14.75954,16.6296,18.57596
70,0.5,6.19000396306364,9988.9966940333,0.65064,1.30206,1.95504,2.61036,3.26887,3.93155,4.59969,5.27505,5.95993,6.68059
70,1,6.19000396306364,9988.9966940333,0.91658,1.83371,2.75193,3.67183,4.59404,5.51941,6.44914,7.38513,8.33028,9.31902
70,1.5,6.19000396306364,9988.9966940333,1.12066,2.24177,3.36379,4.48717,5.61251,6.74061,7.8727,9.01079,10.15828,11.35606
70,2,6.19000396306364,9988.9966940333,1.29272,2.58583,3.87972,5.17481,6.47167,7.77106,9.07431,10.3835,11.70246,13.07758
70,2.5,6.19000396306364,9988.9966940333,1.44431,2.88897,4.33433,5.78077,7.22886,8.67935,10.13366,11.59395,13.06441,14.59628
70,3,6.19000396306364,9988.9966940333,1.58137,3.16303,4.74537,6.32867,7.91356,9.50076,11.09179,12.68889,14.29657,15.97042
70,3.5,6.19000396306364,9988.9966940333,1.7074,3.41507,5.12337,6.83257,8.5433,10.25628,11.97314,13.69617,15.4302,17.2348
75,0.5,6.19000396306364,9988.9966940333,0.60673,1.21408,1.82271,2.43324,3.04636,3.66291,4.28397,4.91111,5.54639,6.21403
75,1,6.19000396306364,9988.9966940333,0.85494,1.71033,2.56662,3.42426,4.2838,5.14595,6.01176,6.88292,7.76208,8.68125
75,1.5,6.19000396306364,9988.9966940333,1.04543,2.09122,3.13774,4.18538,5.23464,6.28619,7.34114,8.40127,9.46971,10.58459
75,2,6.19000396306364,9988.9966940333,1.20602,2.41235,3.61932,4.82726,6.03668,7.24822,8.46308,9.68311,10.91184,12.1926
75,2.5,6.19000396306364,9988.9966940333,1.34751,2.69528,4.04365,5.39288,6.74351,8.09614,9.45211,10.8133,12.18361,13.61092
75,3,6.19000396306364,9988.9966940333,1.47542,2.95108,4.4273,5.9043,7.38264,8.86292,10.34658,11.83557,13.33408,14.8941
75,3.5,6.19000396306364,9988.9966940333,1.59305,3.18632,4.78012,6.37463,7.97046,9.56818,11.16934,12.77595,14.39249,16.07469
80,0.5,6.19000396306364,9988.9966940333,0.56836,1.13725,1.70718,2.27867,2.85232,3.42881,4.00908,4.59453,5.18705,5.80912
80,1,6.19000396306364,9988.9966940333,0.80108,1.60252,2.4047,3.208,4.01288,4.81995,5.63014,6.44495,7.26685,8.12574
80,1.5,6.19000396306364,9988.9966940333,0.97966,1.95961,2.94018,3.92166,4.9045,5.88927,6.87699,7.86922,8.8689,9.91174
80,2,6.19000396306364,9988.9966940333,1.13022,2.26068,3.39169,4.52349,5.65654,6.79138,7.92914,9.07144,10.22158,11.42021
80,2.5,6.19000396306364,9988.9966940333,1.26286,2.52594,3.78952,5.05379,6.31927,7.58645,8.85658,10.13133,11.41433,12.75055
80,3,6.19000396306364,9988.9966940333,1.38278,2.76576,4.1492,5.53328,6.91852,8.30541,9.69532,11.08996,12.49325,13.95402
80,3.5,6.19000396306364,9988.9966940333,1.49306,2.9863,4.47998,5.97424,7.46965,8.96667,10.46679,11.97176,13.48578,15.06121
85,0.5,6.19000396306364,9988.9966940333,0.53457,1.06957,1.60544,2.14261,2.68158,3.22295,3.76754,4.31659,4.87184,5.45429
85,1,6.19000396306364,9988.9966940333,0.7536,1.5075,2.26201,3.01746,3.77424,4.53288,5.29421,6.05959,6.83131,7.63745
85,1.5,6.19000396306364,9988.9966940333,0.92168,1.8436,2.76603,3.68922,4.61358,5.53958,6.46816,7.40073,8.34002,9.31965
85,2,6.19000396306364,9988.9966940333,1.06338,2.12696,3.191,4.2557,5.32147,6.38878,7.45868,8.53261,9.61367,10.74015
85,2.5,6.19000396306364,9988.9966940333,1.18822,2.37662,3.56545,4.75484,5.94529,7.13719,8.33175,9.53042,10.73662,11.99274
85,3,6.19000396306364,9988.9966940333,1.30109,2.60233,3.90399,5.20615,6.50934,7.81394,9.12128,10.43285,11.75235,13.12581
85,3.5,6.19000396306364,9988.9966940333,1.40489,2.8099,4.21532,5.62119,7.02809,8.43637,9.84748,11.26294,12.68671,14.16817
90,0.5,6.19000396306364,9988.9966940333,0.50456,1.00949,1.51515,2.02191,2.53019,3.04051,3.55359,4.07056,4.59304,5.14072
90,1,6.19000396306364,9988.9966940333,0.71143,1.42311,2.13532,2.84831,3.56243,4.27815,4.99623,5.71788,6.44525,7.20483
90,1.5,6.19000396306364,9988.9966940333,0.87017,1.74055,2.61136,3.48281,4.35527,5.22914,6.1053,6.98501,7.87084,8.79456
90,2,6.19000396306364,9988.9966940333,1.00401,2.00818,3.01275,4.01785,5.02391,6.03129,7.041,8.05431,9.07416,10.13674
90,2.5,6.19000396306364,9988.9966940333,1.12192,2.24397,3.3664,4.48929,5.61313,6.73821,7.86571,8.9969,10.13503,11.32016
90,3,6.19000396306364,9988.9966940333,1.22851,2.45715,3.68614,4.91554,6.14588,7.37742,8.61148,9.84935,11.09454,12.39058
90,3.5,6.19000396306364,9988.9966940333,1.32654,2.65318,3.98019,5.30754,6.63584,7.96532,9.29741,10.63344,11.97716,13.37527
95,0.5,6.19000396306364,9988.9966940333,0.47775,0.95581,1.43449,1.91411,2.39502,2.87768,3.36275,3.85123,4.34465,4.86156
95,1,6.19000396306364,9988.9966940333,0.67373,1.34768,2.02207,2.69712,3.37316,4.05058,4.73008,5.41276,6.10065,6.81882
95,1.5,6.19000396306364,9988.9966940333,0.82412,1.64841,2.47308,3.29829,4.12437,4.95169,5.78106,6.61361,7.45179,8.32568
95,2,6.19000396306364,9988.9966940333,0.95091,1.90196,2.85336,3.8052,4.75789,5.71172,6.66768,7.62688,8.59211,9.5977
95,2.5,6.19000396306364,9988.9966940333,1.06262,2.12534,3.18841,4.25185,5.31613,6.3815,7.4491,8.52002,9.59738,10.71916
95,3,6.19000396306364,9988.9966940333,1.16361,2.3273,3.49133,4.65568,5.82088,6.98712,8.15571,9.32773,10.50656,11.73348
95,3.5,6.19000396306364,9988.9966940333,1.25648,2.51303,3.76991,5.02706,6.28508,7.54412,8.8056,10.07065,11.34287,12.66654
100,0.5,6.19000396306364,9988.9966940333,0.45364,0.90755,1.36199,1.81723,2.27359,2.73147,3.19145,3.65446,4.12193,4.6114
100,1,6.19000396306364,9988.9966940333,0.63983,1.27984,1.92023,2.5612,3.20302,3.84604,4.49092,5.13865,5.79116,6.47225
100,1.5,6.19000396306364,9988.9966940333,0.7827,1.56554,2.34872,3.13234,3.91675,4.70223,5.48958,6.27979,7.0752,7.90441
100,2,6.19000396306364,9988.9966940333,0.90315,1.80641,2.70999,3.61393,4.51864,5.42434,6.332,7.24259,8.15879,9.11321
100,2.5,6.19000396306364,9988.9966940333,1.00927,2.01863,3.0283,4.03826,5.04901,6.06068,7.07444,8.09121,9.11399,10.17886
100,3,6.19000396306364,9988.9966940333,1.10521,2.21049,3.31608,4.42191,5.52854,6.63607,7.74579,8.85864,9.97785,11.14268
100,3.5,6.19000396306364,9988.9966940333,1.19344,2.38693,3.58073,4.77473,5.96955,7.16524,8.36324,9.56449,10.77246,12.02924
